650
200
10000
-450
10000
-550
10000
-100
10000
10000
10000
-10000
10000
10000
-10000
450
10000
600
10000
300
10000
10000
-1000
250
300
-50
-1500
10000
-1300
-100
300
-100
1100
100
-200
10000
10000
-450
350
-600
400
-200
10000
10000
10000
10000
550
10000
-1150
100
-250
-250
500
100
10000
10000
10000
10000
-1500
250
10000
-200
10000
450
10000
10000
10000
10000
-10000
-200
350
0
10000
700
10000
10000
10000
10000
10000
-700
450
100
-10000
200
300
250
600
100
10000
10000
350
-300
0
10000
10000
-550
-1950
200
10000
100
-1150
10000
-10000
600
10000
0
10000
-350
-150
10000
-50
100
10000
600
600
-550
10000
10000
400
550
-500
10000
10000
800
10000
10000
-600
100
10000
10000
10000
-800
-250
450
10000
350
10000
10000
10000
0
600
10000
100
-450
-850
10000
-400
0
-50
-450
10000
10000
-300
-250
-450
10000
0
10000
-600
0
10000
0
-800
10000
100
550
10000
10000
150
10000
10000
10000
-900
-350
10000
450
10000
-100
-1200
10000
10000
0
10000
-350
-10000
-350
10000
0
0
350
700
-700
10000
100
10000
-100
10000
10000
10000
800
-100
1050
-50
10000
-50
10000
10000
-550
100
10000
10000
-800
-250
0
-850
-450
10000
200
10000
450
50
-150
10000
10000
10000
10000
-300
-250
-50
10000
10000
100
-500
-300
10000
10000
10000
-150
10000
950
10000
0
10000
-10000
800
0
10000
0
1400
-250
10000
-100
10000
-200
-500
0
400
10000
10000
-350
10000
350
10000
10000
-550
0
150
10000
150
-200
10000
-300
10000
10000
-1350
0
10000
-200
10000
100
10000
10000
-550
700
-150
-450
10000
150
10000
-100
10000
-600
-150
100
150
450
-500
10000
10000
10000
-600
10000
10000
-450
10000
100
10000
10000
450
450
-150
100
10000
10000
10000
10000
10000
-350
10000
-950
-1350
10000
10000
350
-950
350
10000
100
-10000
10000
10000
10000
750
550
-1050
-550
-400
10000
10000
10000
0
-450
-650
0
10000
0
10000
10000
10000
0
10000
450
-350
-250
10000
0
10000
0
-650
10000
-350
450
10000
450
750
200
-10000
10000
450
-100
10000
550
500
100
10000
10000
10000
10000
-1100
100
750
-350
700
-200
10000
10000
-400
10000
10000
100
10000
100
10000
100
-150
-100
10000
-50
10000
10000
10000
10000
10000
600
10000
10000
10000
-450
10000
10000
10000
10000
10000
550
10000
700
10000
200
10000
10000
10000
50
10000
350
10000
0
10000
0
50
10000
10000
-450
1000
-100
10000
-100
-10000
10000
10000
10000
10000
10000
-500
-350
1150
10000
10000
-450
-1300
600
10000
-100
10000
-100
10000
350
-350
-300
-10000
10000
10000
-200
0
-600
-100
0
10000
10000
-1500
0
250
10000
-550
350
-750
0
10000
450
10000
-250
10000
10000
10000
-550
10000
10000
1650
10000
10000
10000
-1050
-450
250
-250
10000
-200
-300
10000
-10000
10000